Fazer 1000 rodadas
Macaco 0 par -> 4 impar -> 6 : 13 : 609 393 910 327 601 311 426 728 143 277 215 998 778 
Macaco 1 par -> 2 impar -> 0 : 61 : 785 434 366 916 577 424 745 39 895 670 292 901 898 965 869 321 412 488 613 464 809 559 762 770 225 412 129 377 83 135 995 28 794 107 499 392 479 669 444 476 258 367 98 28 18 623 557 878 652 399 169 869 990 692 762 696 816 642 350 849 160 
Macaco 2 par -> 5 impar -> 6 : 25 : 826 7 8 181 517 35 194 450 685 876 344 785 586 823 190 766 911 404 843 660 480 503 224 923 294 
Macaco 3 par -> 8 impar -> 5 : 79 : 414 217 114 223 286 668 459 408 954 255 748 220 857 293 435 816 837 119 468 636 309 919 597 25 765 234 860 656 782 79 879 445 761 610 905 570 302 287 487 63 947 123 53 501 476 526 419 877 299 583 491 237 976 287 420 589 14 206 672 982 347 423 667 53 759 926 280 625 274 396 401 605 772 899 5 954 47 646 520 
Macaco 4 par -> 3 impar -> 1 : 75 : 240 148 668 424 735 770 179 265 579 463 251 920 329 584 611 189 716 904 786 683 789 266 652 361 315 690 537 684 923 694 615 589 48 676 668 365 273 664 411 62 397 219 475 289 9 721 299 686 197 604 992 355 682 383 517 800 483 0 939 845 50 337 105 198 945 27 468 688 615 803 384 475 384 778 939 
Macaco 5 par -> 9 impar -> 3 : 28 : 767 916 85 13 204 255 347 475 58 318 337 661 949 44 505 568 86 203 415 529 70 44 579 311 610 135 903 614 
Macaco 6 par -> 3 impar -> 8 : 39 : 934 933 550 558 357 324 155 805 763 117 64 915 884 944 832 152 964 915 872 237 931 611 778 23 520 428 391 548 640 495 479 793 282 636 901 432 61 343 9 
Macaco 7 par -> 6 impar -> 1 : 86 : 580 602 545 79 600 46 196 548 90 41 905 268 133 246 216 191 360 205 297 858 807 48 225 992 644 930 356 248 54 58 391 209 62 609 455 968 183 416 40 488 689 475 167 384 860 19 854 405 439 696 438 220 283 617 328 415 905 79 540 312 734 688 686 820 745 663 372 385 249 650 127 435 887 569 570 131 47 134 685 246 653 762 309 729 50 916 
Macaco 8 par -> 5 impar -> 1 : 47 : 89 92 767 940 270 5 47 738 969 455 724 247 682 341 56 925 89 951 639 604 390 967 83 16 983 444 840 966 475 117 116 374 270 227 155 398 198 537 355 579 963 142 250 26 195 790 274 
Macaco 9 par -> 1 impar -> 3 : 98 : 394 912 53 921 359 946 556 791 557 103 770 192 771 471 281 311 657 390 706 740 794 109 423 852 290 46 743 986 422 964 831 128 786 66 881 81 977 231 270 547 193 610 229 36 552 112 838 923 76 661 741 985 3 188 401 694 774 589 189 20 27 203 722 310 890 413 426 242 4 5 565 865 931 762 844 682 726 992 348 791 247 228 108 691 83 696 868 918 626 638 827 95 151 687 760 991 938 939 
